input=[0.93640442719691785, 0.77131463513768461]
weight=[1.3988031394729683, 1.814008801412873]

id=0
connect=[2, 3]
